Caffeine	Donepezil	Amoxicilin	Glutamine 13C5	Arginine 13C6	Lysine 13C6
Caffeine	1	0.757240550747241	0.682302605660386	0.0668036700289524	-0.55580314805738	-0.310763703764856
Donepezil	0.757240550747241	1	0.793169777174924	0.318661437862234	-0.541381402182715	-0.10473977335008
Amoxicilin	0.682302605660386	0.793169777174924	1	0.342868666664808	-0.635352544900605	-0.201480057640823
Glutamine 13C5	0.0668036700289524	0.318661437862234	0.342868666664808	1	0.25347458761645	0.593978134169095
Arginine 13C6	-0.55580314805738	-0.541381402182715	-0.635352544900605	0.25347458761645	1	0.70919565326049
Lysine 13C6	-0.310763703764856	-0.10473977335008	-0.201480057640823	0.593978134169095	0.70919565326049	1
